100,-46,-43,-43
200,-43,-39,-64
300,-43,-43,-43
400,-40,-40,-40
100,-41,-43,-42
200,-40,-40,-37
300,-31,-31,-33
400,-24,-25,-26
100,-27,-27,-27
200,-28,-28,-27
300,-28,-29,-28
400,-27,-27,-27
23,-21,-20,-19
100,-22,-20,-19
1,-19,-21,-20
2,-20,-20,-20
3,-22,-20,-20
4,-20,-21,-20
5,-22,-21,-20
6,-12,-13,-15
7,-15,-13,-14
8,-13,-15,-14
9,-10,-9,-9
10,,,
10,,,
10,,,
9,,,
,,,
10,2 437 6 70 70 2 3200,2 437 6 70 70 2 3200,2 437 6 70 70 2 3200
10,4 dBm,3 dBm,3 dBm
10,2 dBm,2 dBm,1 dBm
10,-13 dBm,-13 dBm,-13 dBm
10,4,3,-64
10,5,3,4
10,2,2,2
10,2,2,2
10,3,3,2
10,3,3,2
30,-43,-44,-42
30,-43,-43,-44
60,-53,-52,-53
60,-50,-53,-51
90,-53,-54,-55
90,-54,-56,-54
120,-59,-59,-59
120,-59,-59,-58
150,-65,-64,-64
150,-65,-64,-65
180,-63,-63,-63
180,-63,-63,-63
210,-60,-63,-62
210,-63,-66,-62
240,-67,-71,-70
240,-70,-71,-70
270,-75,-74,-74
270,-76,-74,-74
300,-73,-75,-76
300,-76,-72,-74
330,-72,-72,-71
330,-72,-72,-73
330,-74,-72,-71
360,-75,-77,-76
390,-73,-74,-74
390,-74,-73,-71
410,-72,-73,-71
410,-67,-72,-72
450,-71,-70,-71
450,-72,-71,-70
480,-67,-68,-67
480,-67,-70,-65
10,-49,-50,-51
30,-32,-34,-32,-32,-32,-34,-35,-32,-32,-32
30,-33,-36,-34,-36,-33,-36,-34,-35,-33,-34
60,-46,-46,-46,-45,-47,-46,-46,-47,-47,-46
90,-54,-54,-54,-53,-55,-54,-55,-53,-55,-54
120,-56,-58,-58,-54,-58,-60,-55,-57,-57,-59
150,-62,-61,-62,-61,-62,-62,-61,-63,-62,-62
180,-63,-63,-62,-63,-63,-63,-63,-63,-63,-62
210,-69,-72,-70,-70,-70,-70,-69,-71,-71,-71
240,-71,-69,-71,-71,-69,-71,-69,-69,-72,-71
270,-69,-67,-68,-68,-69,-69,-69,-67,-69,-69
300,-69,-71,-71,-73,-72,-71,-71,-72,-72,-73
300,-73,-73,-71,-71,-73,-73,-71,-69,-69,-69
270,-77,-68,-72,-70,-69,-71,-69,-70,-71,-71
330,-69,-70,-68,-69,-69,-67,-68,-69,-68,-68
360,-72,-72,-73,-73,-70,-71,-72,-73,-73,-71
390,-71,-73,-72,-71,-71,-72,-72,-72,-73,-72
